# This file may be used to create an environment using:
# $ conda create --name <env> --file <this file>
# platform: win-64
aiohttp=3.7.4.post0=pypi_0
async-timeout=3.0.1=pypi_0
asyncio=3.4.3=pypi_0
attrs=21.2.0=pypi_0
bzip2=1.0.8=h8ffe710_4
ca-certificates=2021.10.8=h5b45459_0
chardet=4.0.0=pypi_0
discord=1.0.1=pypi_0
discord-py=1.6.0=pypi_0
idna=3.3=pypi_0
libffi=3.4.2=h8ffe710_5
libzlib=1.2.11=h8ffe710_1013
multidict=5.2.0=pypi_0
openssl=3.0.0=h8ffe710_2
pip=21.3.1=pyhd8ed1ab_0
python=3.10.0=hcf16a7b_3_cpython
python-dotenv=0.15.0=pypi_0
python_abi=3.10=2_cp310
setuptools=59.4.0=py310h5588dad_0
sqlite=3.37.0=h8ffe710_0
tk=8.6.11=h8ffe710_1
typing-extensions=4.0.1=pypi_0
tzdata=2021e=he74cb21_0
ucrt=10.0.20348.0=h57928b3_0
vc=14.2=hb210afc_5
vs2015_runtime=14.29.30037=h902a5da_5
wheel=0.37.0=pyhd8ed1ab_1
xz=5.2.5=h62dcd97_1
yarl=1.7.2=pypi_0
youtube-dl=2021.2.10=pypi_0
